      0/24     5.59G   0.04682   0.01189  0.009749   0.06846        43       640     0.775    0.2705    0.2842      0.13   0.05907   0.02245   0.01555
      1/24     5.96G   0.03626    0.0111  0.005002   0.05236        13       640    0.7495    0.3505    0.3747    0.1749    0.0528   0.02499   0.01167
      2/24     5.96G    0.0357   0.01124   0.00436   0.05131        31       640    0.7201    0.3574    0.3702    0.1721   0.05539   0.02527     0.011
      3/24     5.96G   0.03541   0.01126  0.004017   0.05069        27       640    0.7443    0.4118     0.425    0.2017   0.05538   0.02442   0.01038
      4/24     5.96G   0.03378   0.01092  0.003483   0.04818        65       640    0.7561    0.4342    0.4449    0.2107   0.05485   0.02501  0.009845
      5/24     5.96G   0.03293   0.01066  0.003175   0.04677        45       640    0.7724     0.441    0.4639    0.2306   0.05136   0.02635   0.00981
      6/24     5.96G   0.03244   0.01055  0.003003   0.04599        14       640    0.7766    0.4566    0.4881    0.2423   0.05031   0.02688   0.00956
      7/24     5.96G   0.03186   0.01043  0.002775   0.04507        24       640    0.7872    0.4632      0.51    0.2534   0.05009    0.0274   0.00988
      8/24     5.96G   0.03149   0.01031  0.002658   0.04445         6       640    0.6223    0.5459    0.5238    0.2658   0.05174   0.02701  0.009308
      9/24     5.97G   0.03102   0.01037   0.00257   0.04396        75       640    0.6867    0.5552    0.5562    0.2782    0.0488   0.02816   0.00948
     10/24     5.97G    0.0306   0.01023  0.002426   0.04326        38       640    0.7331    0.5515    0.5697    0.2897   0.04881   0.02762  0.009938
     11/24     5.97G   0.03062   0.01006  0.002435   0.04311        42       640    0.7526     0.548    0.5767    0.2945   0.04656   0.02862  0.009318
     12/24     5.97G   0.03043   0.01014   0.00228   0.04285        13       640    0.7957    0.5539    0.5971    0.3062   0.04508   0.02913  0.009298
     13/24     5.97G   0.03009  0.009973  0.002124   0.04218        52       640    0.8016    0.5718    0.6154    0.3205   0.04566   0.02882  0.008759
     14/24     5.97G   0.02962  0.009913  0.002029   0.04156         9       640    0.8076    0.5836     0.623    0.3228   0.04392    0.0296  0.008714
     15/24     5.97G   0.02922  0.009873  0.001899   0.04099        11       640     0.815    0.5763    0.6225    0.3245    0.0441   0.02926  0.008472
     16/24     5.97G     0.029  0.009856  0.001808   0.04066        36       640    0.8052     0.602    0.6427    0.3377   0.04564   0.02889  0.008547
     17/24     5.97G   0.02867  0.009839  0.001791    0.0403        20       640    0.8016    0.6089     0.647    0.3436   0.04334   0.02974  0.008451
     18/24     5.97G   0.02841  0.009664  0.001636   0.03971        61       640    0.8223    0.6004    0.6513    0.3474   0.04425   0.02974   0.00842
     19/24     5.97G   0.02814  0.009686  0.001633   0.03946        46       640    0.8139    0.6184    0.6577    0.3526   0.04293   0.03013  0.008121
     20/24     5.97G   0.02787  0.009639  0.001536   0.03904        40       640    0.8157    0.6269    0.6665    0.3599   0.04287   0.03013  0.007948
     21/24     5.97G   0.02755  0.009476  0.001496   0.03852        35       640    0.8251      0.63    0.6712    0.3655   0.04199   0.03047   0.00768
     22/24     5.97G   0.02737  0.009445  0.001447   0.03827        33       640    0.8402    0.6211    0.6732    0.3648    0.0419   0.03057   0.00756
     23/24     5.97G   0.02722  0.009412  0.001399   0.03803        31       640    0.8199    0.6395    0.6761    0.3672   0.04165   0.03065  0.007477
     24/24     5.97G   0.02706  0.009457  0.001387    0.0379        17       640    0.8643     0.616     0.679    0.3706   0.04174   0.03061  0.007603
