Class     Images  Instances      Box(P          R      mAP50  mAP50-95): 100% 25/25 [00:32<00:00,  1.30s/it]
                   all        800       2877      0.935      0.916      0.946      0.844
                  trak        800        120      0.947          1      0.989      0.946
               cyclist        800        234      0.916      0.808      0.893      0.735
                  bike        800        486      0.963      0.895      0.959      0.805
                 tempo        800        134      0.929      0.925      0.964      0.864
                   car        800        524      0.953      0.885      0.964      0.827
                  zeep        800         79      0.959      0.937      0.953      0.881
                  toto        800         66          1      0.966      0.988      0.929
            e-rickshaw        800         54      0.931      0.998      0.974      0.932
         auto-rickshaw        800        192      0.911       0.85      0.911      0.739
                   bus        800         91      0.941      0.956      0.969      0.903
                   van        800         49      0.955      0.959      0.957      0.926
        cycle-rickshaw        800         50      0.917       0.94       0.95      0.893
                person        800        738      0.932      0.869      0.947      0.727
                  taxi        800         60       0.84      0.833      0.828      0.709
