      0/24     6.91G   0.06363   0.01627   0.02792    0.1078        29       640    0.3909     0.327    0.2797    0.1106   0.07082   0.02961   0.02978
      1/24     11.6G   0.05226    0.0122   0.01845   0.08291        35       640    0.7746     0.351    0.3872    0.1915   0.07115   0.02694   0.02628
      2/24     11.6G   0.04189   0.01104   0.01496   0.06788        56       640    0.6978    0.5373    0.5234    0.3149   0.05849   0.02752   0.02414
      3/24     11.6G   0.03762   0.01011   0.01263   0.06036        55       640    0.7568    0.4872    0.5231    0.2928   0.07157   0.02358   0.02252
      4/24     11.6G   0.03571  0.009375   0.01061   0.05569        32       640    0.7431    0.5821     0.586    0.3901   0.05964   0.02645   0.02123
      5/24     11.6G   0.03179  0.009243   0.00924   0.05028        32       640    0.7479    0.5786    0.6077    0.4168   0.05335   0.02837   0.01929
      6/24     11.6G   0.03059  0.009134  0.008417   0.04814        48       640    0.8853    0.5001    0.6241    0.4274   0.05326   0.02807    0.0185
      7/24     11.6G   0.02954  0.009322  0.007899   0.04676        58       640    0.5541    0.6705    0.6426    0.4399   0.05022   0.02895   0.01674
      8/24     11.6G   0.02884  0.009156  0.008034   0.04603        47       640    0.5009    0.7041    0.6293    0.4322   0.04922   0.02756    0.0164
      9/24     11.6G   0.02813  0.009085  0.007468   0.04469        45       640    0.5364    0.7109    0.6516    0.4459   0.04642   0.02934   0.01597
     10/24     11.6G   0.02676  0.008893  0.006712   0.04236        53       640    0.6675    0.6613    0.6919    0.4842   0.04635   0.02942   0.01491
     11/24     11.6G   0.02586  0.008704  0.006082   0.04065        33       640    0.5707    0.7092    0.6853    0.4834   0.04456   0.02828   0.01474
     12/24     11.6G   0.02482  0.008444  0.005618   0.03888        44       640    0.6505    0.7236    0.7233    0.5099    0.0463   0.02768   0.01394
     13/24     11.6G   0.02432  0.008381   0.00532   0.03802        43       640    0.6544    0.7403    0.7322    0.5238   0.04378   0.02761   0.01372
     14/24     11.6G   0.02375   0.00827  0.004878   0.03689        19       640    0.6945    0.7239     0.749    0.5284   0.04392   0.02828   0.01382
     15/24     11.6G   0.02289  0.008321  0.004466   0.03568        41       640    0.7355    0.7267    0.7736    0.5474   0.04364   0.02891   0.01339
     16/24     11.6G   0.02278  0.008068  0.004217   0.03507        39       640    0.7304    0.7433    0.7909    0.5681   0.04299    0.0281   0.01311
     17/24     11.6G   0.02229  0.008107  0.003965   0.03437        38       640    0.7931     0.701    0.7861    0.5739   0.04359   0.02938   0.01274
     18/24     11.6G   0.02179  0.007939  0.003678   0.03341        65       640    0.7979    0.7057    0.7947    0.5789   0.04237   0.02844   0.01281
     19/24     11.6G   0.02157  0.007725  0.003588   0.03289        46       640    0.8252    0.7279    0.8139    0.5946   0.04164   0.02838   0.01257
     20/24     11.6G   0.02113  0.007511  0.003202   0.03184        62       640    0.7848    0.7264    0.8028    0.5884   0.04012   0.02963   0.01242
     21/24     11.6G   0.02081  0.007354  0.003028   0.03119        34       640    0.7972    0.7259    0.8111    0.5892   0.04084   0.02959   0.01241
     22/24     11.6G   0.02058  0.007576  0.003003   0.03116        50       640    0.7993    0.6963    0.7936    0.5762   0.03992   0.03025   0.01237
     23/24     11.6G   0.02057  0.007453  0.003138   0.03117        66       640    0.7683    0.7393    0.8079    0.5882   0.03992   0.03034   0.01227
     24/24     11.6G   0.02035  0.007255  0.002696    0.0303        39       640    0.7963    0.7288    0.8162    0.5967    0.0397   0.03023   0.01228
