  Class     Images  Instances          P          R      mAP50   mAP50-95: 100% 25/25 [00:30<00:00,  1.23s/it]
                   all        800       2877      0.868      0.869      0.893      0.751
                  trak        800        120      0.921      0.975      0.974      0.896
               cyclist        800        234      0.938      0.761      0.859      0.652
                  bike        800        486      0.935      0.879      0.946      0.749
                 tempo        800        134      0.959      0.881      0.932      0.805
                   car        800        524      0.932      0.872      0.951      0.775
                  zeep        800         79      0.583      0.722      0.704      0.619
                  toto        800         66      0.981      0.955      0.981      0.883
            e-rickshaw        800         54      0.951          1      0.976      0.875
         auto-rickshaw        800        192      0.901      0.859      0.905      0.699
                   bus        800         91      0.925      0.945      0.966      0.857
                   van        800         49       0.51      0.755      0.622      0.565
        cycle-rickshaw        800         50      0.909       0.92      0.937      0.823
                person        800        738        0.9       0.87      0.932      0.659
                  taxi        800         60      0.808      0.773      0.818      0.655