      0/24     13.5G   0.06232    0.0157   0.03337    0.1114       157       640    0.1456    0.3255    0.1931   0.06827   0.07809   0.02664   0.03298
      1/24     12.7G   0.04454   0.01286   0.02556   0.08296        64       640    0.2672    0.4921     0.391    0.2194   0.05065   0.02114   0.02635
      2/24     12.7G    0.0374   0.01107   0.02044    0.0689       119       640    0.3919    0.5935    0.4783     0.283   0.05631   0.01859   0.02387
      3/24     12.7G   0.03123  0.009846    0.0169   0.05798       147       640    0.6127     0.651    0.6251    0.4476   0.04521   0.01922   0.02032
      4/24     12.7G   0.02897  0.009472    0.0138   0.05224       115       640    0.6984    0.6597      0.72    0.5528   0.04363   0.01981   0.01859
      5/24     12.7G   0.02591  0.009067   0.01116   0.04614       156       640    0.7181    0.7804    0.7733    0.6034   0.04193   0.02107   0.01731
      6/24     12.7G   0.02416  0.008518  0.009752   0.04243       134       640     0.774    0.7741     0.811     0.642   0.04416   0.02041   0.01732
      7/24     12.7G   0.02322   0.00831  0.008663   0.04019       140       640    0.8032    0.7933    0.8378    0.6665    0.0404   0.02201   0.01563
      8/24     12.7G   0.02226  0.008101  0.007887   0.03825       122       640     0.792    0.8254    0.8432    0.6827   0.04092   0.02159   0.01488
      9/24     12.7G   0.02163  0.007951  0.007525    0.0371       105       640    0.8281    0.8415    0.8572    0.6937   0.04018   0.02185    0.0141
     10/24     12.7G   0.02089  0.007649  0.006954   0.03549        90       640     0.837    0.8842    0.8755    0.7147   0.03627   0.02354   0.01307
     11/24     12.7G   0.02003  0.007699  0.006482   0.03421       104       640    0.8514     0.869    0.8892    0.7287    0.0353   0.02342   0.01294
     12/24     12.7G   0.01941  0.007339  0.005894   0.03264       150       640     0.847    0.8796    0.8919    0.7473   0.03573   0.02376   0.01249
     13/24     12.7G   0.01846  0.007038    0.0056   0.03109        66       640     0.839     0.909     0.901    0.7584   0.03423   0.02413    0.0121
     14/24     12.7G   0.01784  0.007116  0.005124   0.03008       176       640    0.8811    0.8894    0.9194    0.7827   0.03282   0.02504   0.01171
     15/24     12.7G   0.01738  0.007079   0.00485   0.02931       126       640    0.8957    0.8952    0.9341    0.7973   0.03297   0.02401   0.01146
     16/24     12.7G   0.01674  0.006965  0.004723   0.02843       123       640    0.9036    0.8973    0.9411    0.8141   0.03201   0.02513   0.01079
     17/24     12.7G    0.0163  0.006738  0.004254   0.02729       112       640    0.9241    0.8992    0.9459    0.8207   0.03186   0.02476   0.01082
     18/24     12.7G   0.01593  0.006581  0.003992    0.0265       111       640    0.9291    0.9093    0.9507    0.8317   0.03103    0.0253   0.01048
     19/24     12.7G    0.0158  0.006641  0.003867   0.02631       150       640    0.9231    0.9025    0.9449      0.83   0.03023   0.02552   0.01032
     20/24     12.7G   0.01507  0.006413  0.003709   0.02519       122       640    0.9475    0.8934    0.9529    0.8405   0.02842   0.02561   0.01006
     21/24     12.7G   0.01494  0.006455  0.003627   0.02502       134       640    0.9363    0.9078    0.9537    0.8473     0.028   0.02627  0.009951
     22/24     12.7G   0.01484  0.006358  0.003531   0.02473       119       640    0.9368    0.9156    0.9562    0.8492   0.02801   0.02635  0.009787
     23/24     12.7G   0.01478  0.006349  0.003477    0.0246       111       640    0.9367    0.9182    0.9578    0.8542   0.02772   0.02618  0.009903
     24/24     12.7G   0.01441   0.00619  0.003254   0.02386       166       640    0.9355    0.9256    0.9597    0.8547   0.02736   0.02637  0.009685
