 Class     Images  Instances          P          R      mAP50   mAP50-95: 100% 29/29 [00:12<00:00,  2.38it/s]
                   all        913       2497      0.799      0.677      0.755      0.536
                   Car        913        807      0.887      0.836      0.914      0.709
                   Bus        913        155      0.947      0.694      0.838      0.596
             Motorbike        913        582      0.854      0.777      0.882      0.627
                 Cycle        913        314      0.809      0.777      0.834      0.549
                 Truck        913         55      0.989      0.236      0.477      0.285
          Autorickshaw        913        354      0.938      0.862      0.945      0.678
              Rickshaw        913         66      0.739      0.516      0.637      0.406
                   Van        913         34      0.388      0.706      0.587      0.465
             Minitruck        913        130      0.637      0.685      0.682       0.51